5.00 5.00 4.99 4.99 4.99 5.00 5.00 5.00 4.99 5.00 4.99 4.99 5.00 4.99 4.99 5.00 5.00 4.99 5.00 5.00
4.99 4.99 5.00 5.00 4.99 5.00 4.99 4.99 4.99 4.99 5.00 4.99 5.00 5.00 5.00 5.00 5.00 5.00 5.00 4.99
4.99 5.00 4.99 4.99 4.99 4.99 5.00 5.00 4.99 5.00 5.00 5.00 4.99 5.00 4.99 4.99 5.00 5.00 4.99 4.99
5.00 4.99 5.00 4.99 5.00 5.00 4.99 5.00 4.99 4.99 5.00 4.99 5.00 4.99 5.00 4.99 5.00 5.00 5.00 4.99
5.00 4.99 4.99 5.00 4.99 5.00 4.99 4.99 5.00 4.99 5.00 4.99 4.99 4.99 5.00 4.99 5.00 5.00 5.00 5.00
5.00 4.99 4.99 4.99 5.00 4.99 5.00 5.00 4.99 5.00 4.99 5.00 5.00 4.99 4.99 4.99 5.00 5.00 4.99 4.99
5.00 5.00 5.00 5.00 4.99 5.00 5.00 5.00 4.99 5.00 5.00 5.00 4.99 5.00 5.00 5.00 5.00 5.00 5.00 4.99
4.99 4.99 5.00 4.99 4.99 5.00 5.00 5.00 5.00 4.99 5.00 4.99 5.00 5.00 4.99 4.99 5.00 4.99 5.00 4.99
4.99 4.99 4.99 5.00 5.00 4.99 5.00 4.99 4.99 4.99 4.99 5.00 5.00 5.00 5.00 5.00 4.99 5.00 5.00 5.00
4.99 5.00 4.99 4.99 5.00 5.00 4.99 5.00 4.99 5.00 4.99 4.99 5.00 4.99 4.99 4.99 5.00 5.00 5.00 5.00
4.99 4.99 5.00 4.99 4.99 5.00 4.99 5.00 4.99 4.99 5.00 4.99 5.00 5.00 5.00 4.99 5.00 4.99 5.00 4.99
4.99 4.99 5.00 4.99 4.99 5.00 4.99 4.99 5.00 5.00 4.99 4.99 5.00 4.99 4.99 5.00 4.99 5.00 5.00 4.99
4.99 4.99 5.00 5.00 5.00 4.99 4.99 4.99 4.99 4.99 4.99 4.99 4.99 5.00 4.99 4.99 5.00 5.00 4.99 4.99
4.99 5.00 4.99 4.99 4.99 5.00 5.00 5.00 4.99 4.99 5.00 4.99 4.99 4.99 5.00 4.99 5.00 4.99 4.99 4.99
4.99 5.00 5.00 4.99 5.00 5.00 5.00 4.99 4.99 4.99 5.00 4.99 5.00 4.99 4.99 5.00 5.00 5.00 5.00 4.99
4.99 4.99 4.99 4.99 4.99 5.00 5.00 4.99 5.00 5.00 4.99 4.99 5.00 4.99 5.00 5.00 5.00 5.00 4.99 5.00
4.99 4.99 4.99 5.00 5.00 5.00 5.00 4.99 4.99 5.00 4.99 5.00 4.99 5.00 5.00 5.00 5.00 4.99 5.00 4.99
4.99 4.99 4.99 4.99 4.99 4.99 5.00 5.00 4.99 4.99 4.99 4.99 5.00 4.99 5.00 4.99 5.00 4.99 4.99 5.00
5.00 4.99 4.99 4.99 5.00 5.00 5.00 4.99 4.99 4.99 4.99 5.00 4.99 5.00 5.00 4.99 4.99 4.99 5.00 4.99
4.99 4.99 4.99 4.99 4.99 5.00 5.00 4.99 5.00 5.00 4.99 5.00 5.00 4.99 5.00 4.99 5.00 5.00 5.00 4.99
4.99 5.00 4.99 4.99 4.99 4.99 5.00 4.99 4.99 4.99 4.99 5.00 5.00 5.00 4.99 4.99 4.99 4.99 4.99 5.00
4.99 5.00 4.99 4.99 4.99 4.99 4.99 5.00 4.99 5.00 5.00 5.00 4.99 4.99 5.00 4.99 5.00 4.99 4.99 4.99
5.00 4.99 4.99 5.00 4.99 4.99 5.00 4.99 5.00 5.00 5.00 4.99 5.00 4.99 5.00 5.00 5.00 4.99 4.99 4.99
5.00 5.00 5.00 4.99 5.00 4.99 5.00 4.99 5.00 4.99 5.00 4.99 4.99 5.00 4.99 4.99 5.00 5.00 5.00 5.00
5.00 5.00 4.99 5.00 4.99 5.00 4.99 4.99 4.99 4.99 5.00 4.99 4.99 4.99 5.00 4.99 4.99 5.00 5.00 4.99
4.99 4.99 4.99 4.99 5.00 4.99 5.00 4.99 4.99 5.00 5.00 4.99 5.00 4.99 4.99 5.00 5.00 4.99 4.99 5.00
5.00 4.99 4.99 5.00 5.00 4.99 4.99 5.00 5.00 4.99 5.00 4.99 5.00 5.00 4.99 5.00 5.00 5.00 4.99 4.99
4.99 5.00 5.00 4.99 5.00 5.00 4.99 4.99 5.00 5.00 5.00 4.99 5.00 4.99 4.99 4.99 4.99 5.00 5.00 5.00
5.00 5.00 5.00 4.99 4.99 4.99 4.99 4.99 4.99 4.99 5.00 5.00 5.00 5.00 4.99 5.00 4.99 4.99 4.99 5.00
4.99 4.99 4.99 4.99 4.99 5.00 5.00 5.00 5.00 4.99 5.00 5.00 4.99 5.00 5.00 4.99 4.99 5.00 5.00 5.00
4.99 5.00 4.99 4.99 5.00 4.99 5.00 4.99 5.00 4.99 5.00 5.00 4.99 4.99 4.99 5.00 5.00 5.00 5.00 5.00
5.00 4.99 4.99 5.00 4.99 4.99 4.99 4.99 5.00 4.99 5.00 4.99 4.99 4.99 5.00 4.99 4.99 4.99 4.99 5.00
4.99 4.99 5.00 5.00 4.99 4.99 4.99 4.99 5.00 4.99 4.99 4.99 5.00 4.99 4.99 5.00 4.99 4.99 5.00 5.00
