4.09580 4.80938 4.81427 4.80938 4.80938 4.79961 4.80450 4.80938 4.80450 4.81427 4.80450 4.79961 4.79472 4.80450 4.79961 4.80938 4.81427 4.80450 4.79961 4.79961 4.81427 4.80938 4.80938 4.80450 4.80450 4.80450 4.79472 4.80450 4.80938 4.80450
4.09580 4.81427 4.80450 4.80938 4.80938 4.80450 4.80938 4.80938 4.80450 4.80938 4.80938 4.80450 4.80450 4.79961 4.80938 4.80938 4.80450 4.79961 4.80450 4.80938 4.79961 4.80450 4.80450 4.80938 4.80450 4.80450 4.80938 4.80450 4.80450 4.80450
4.09580 4.80938 4.80450 4.80450 4.79961 4.80450 4.80938 4.81427 4.80450 4.80450 4.80450 4.80938 4.80450 4.79961 4.80450 4.80450 4.80450 4.80938 4.79961 4.80450 4.80450 4.79961 4.80450 4.80450 4.80938 4.80938 4.79961 4.80450 4.81427 4.80450
4.09580 4.80938 4.80938 4.79961 4.80938 4.80450 4.80450 4.79961 4.80938 4.80450 4.79961 4.79961 4.80450 4.80938 4.80450 4.80938 4.80450 4.80450 4.79961 4.80938 4.80450 4.80938 4.80450 4.80938 4.79961 4.79961 4.79961 4.80450 4.80450 4.80450
4.09580 4.80450 4.79961 4.80938 4.80938 4.80450 4.79961 4.80938 4.80450 4.80938 4.80450 4.80938 4.80450 4.80450 4.79961 4.80450 4.80938 4.79961 4.81427 4.80450 4.80938 4.79961 4.80450 4.80938 4.80450 4.79961 4.80450 4.80938 4.80450 4.80450
4.09580 4.80938 4.80938 4.80938 4.79961 4.80938 4.79961 4.80450 4.79961 4.80450 4.80938 4.80450 4.80450 4.80450 4.79961 4.79961 4.79961 4.80938 4.80450 4.80450 4.79961 4.80938 4.80450 4.80450 4.80450 4.80450 4.80938 4.80450 4.80450 4.79961
4.0958 4.8045 4.8094 4.8045 4.8143
4.0958 4.8045 4.8143 4.8094 4.8143
4.1007 4.8094 4.8192 4.8143 4.8094
4.1007 4.8045 4.8094 4.8094 4.8094
4.0958 4.8094 4.8143 4.8143 4.8094
4.1007 4.8045 4.8143 4.8143 4.8094
