0.13763 0.73871 0.73118 0.75269 0.74194 0.73441 0.73763 0.77527 0.73118 0.73441 0.73118 0.74086 0.73548 0.73978 0.72903 0.74839 0.73656 0.74194 0.73763 0.74194 0.81505 0.73548 0.73333 0.73441 0.73763 0.73978 0.73441 0.74086 0.74301 0.73871
0.10000 0.73871 0.76989 0.73871 0.73656 0.79677 0.73118 0.83118 0.74946 0.74946 0.73656 0.74516 0.74301 0.73441 0.73871 0.72581 0.74086 0.73871 0.73118 0.74516 0.72903 0.74731 0.73656 0.77742 0.73333 0.73978 0.73763 0.73871 0.74086 0.75484
0.07957 0.73871 0.74301 0.73978 0.73333 0.74301 0.73441 0.74086 0.72581 0.73978 0.74301 0.73441 0.74946 0.73871 0.76989 0.73441 0.77742 0.74301 0.74086 0.73871 0.75376 0.73978 0.74194 0.73441 0.73978 0.73333 0.73871 0.73118 0.76774 0.73333
0.14731 0.74409 0.74731 0.72796 0.73441 0.73871 0.80645 0.73011 0.74086 0.82366 0.73441 0.74086 0.73441 0.73656 0.73871 0.73656 0.74086 0.74194 0.74839 0.73548 0.73871 0.72796 0.73871 0.74946 0.73871 0.74301 0.73656 0.73333 0.74409 0.73871
0.14516 0.77312 0.74731 0.73763 0.74516 0.77419 0.73548 0.73656 0.73441 0.73441 0.77312 0.74194 0.74516 0.73871 0.73333 0.73656 0.76667 0.79355 0.73011 0.73656 0.74194 0.73441 0.74409 0.73871 0.73978 0.73226 0.74839 0.74301 0.74194 0.73656
0.14946 0.74194 0.75054 0.74194 0.73656 0.73871 0.74301 0.74409 0.74946 0.73441 0.74194 0.74731 0.73978 0.73226 0.73871 0.73011 0.73441 0.74086 0.73548 0.74194 0.73763 0.80538 0.74409 0.77312 0.73333 0.73978 0.73978 0.74194 0.73118 0.73441
0.1495 0.7667 0.7731 0.7806 0.7785
0.1505 0.7774 0.7656 0.7667 0.7774
0.1398 0.8247 0.7742 0.7742 0.7720
0.1495 0.7656 0.7742 0.7667 0.7742
0.1237 0.7763 0.7785 0.7742 0.7731
0.1376 0.7624 0.7688 0.7785 0.7753
